cice -2433307.4334 -4844963.2828 3348363.2553
azco -1857943.5192 -5124371.7927 3303748.6995
mnzo -1489331.0000 -5843668.0000 2070028.0000
meri 39480.7389 -5957733.0987 2269335.1274
ipaz -2023265.2940 -5460590.0730 2592968.2350
msd1 -1979519.4870 -5523222.7200 2493106.5760
mexi -2312590.9350 -4853743.8300 3419740.4170
mty2 -1029483.5210 -5657637.3040 2750926.1300
tamp -807922.6890 -5849358.3490 2402967.7140
mpr1 -1570142.0810 -5759530.2130 2238184.6180
col2 -1427005.6720 -5852976.1600 2089088.9860
tol2 -1009229.2190 -5939511.4810 2094889.2260
mmx1 -948701.1150 -5943935.7710 2109212.7470
oax2 -713483.0920 -6058316.1970 1861594.7130
icam -55248.6330 -6001113.5730 2152446.2020
mmd1 35070.4470 -5959686.2440 2264365.6090
unpm 325739.2260 -5953362.0650 2257797.0780
chet 179584.7430 -6048080.7350 2010447.3770
lpaz -2022283.5429 -5461274.1166 2592317.1820
her2 -1996004.0070 -5208674.6620 3082959.6650
culi -1730936.4821 -5528855.3238 2658865.7364
cam2 -56581.1347 -6001449.5762 2151509.1559
cnc0 329976.9443 -5940950.0296 2289437.7862
tgmx 325876.7687 -5953366.5602 2257756.0884
cn24 204154.4399 -6008282.8359 2123487.9295
cn25 -228284.8336 -6122819.6848 1771858.2131
tnpj -344855.9653 -6131921.5181 1715304.6132
cn26 32708.6935 -5900366.7831 2413678.0720
oxth -559362.2726 -6098250.1955 1777168.7786
oxec -645258.8829 -6083152.6496 1802199.2223
tnsj -692819.4138 -6090687.4535 1765824.5339
oxum -695291.8670 -6103418.0220 1710793.0447
oxmc -714408.7119 -6086588.9278 1768191.3012
oaxa -715237.6524 -6058412.1960 1861034.0205
oxgu -735736.1746 -6070113.5541 1814265.9213
oxlp -752373.8170 -6082721.7071 1762034.8955
tnnp -762050.0919 -6081848.3006 1759673.5089
oxpe -755798.7808 -6089350.2628 1734904.9443
tnnx -765783.6062 -6041533.9745 1896556.9540
oxtu -816178.0628 -6073462.3961 1762826.3999
tncy -827721.9142 -6074724.3303 1752962.1035
oxpl -834417.5957 -6043615.2512 1856381.7989
oxp2 -842168.6592 -6043766.4439 1852343.4424
tnat -848350.8643 -6005048.4932 1972487.4093
pino -865313.2215 -6059309.4118 1788544.0333
tnmq -915018.3208 -6041981.3332 1822265.3687
doar -1022735.3119 -6014377.8947 1855135.1520
cpdp -1021799.0506 -6022313.2518 1829307.9240
acap -1045467.4206 -6017103.1147 1834110.2659
coyu -1067917.2097 -6006757.2211 1853728.1450
caya -1087199.4135 -6001966.3942 1857974.8714
uxal -725229.8762 -5971341.2031 2117764.4973
sg21 -959340.5987 -5930617.0352 2141522.8088
igua -999642.0742 -5972152.7407 1999893.8817
yaig -951689.0572 -5963518.6061 2049322.3759
uton -872682.8980 -5970176.1589 2067553.2663
tngf -960487.1553 -5945976.5836 2098286.9390
unip -961121.1192 -5946435.6737 2096809.8599
tnal -907786.7398 -5963570.9461 2077079.1412
pp02 -907037.3079 -5963849.3895 2076709.8243
posw -908526.8902 -5967444.5832 2065645.1796
pp05 -905581.1010 -5968218.6279 2067930.7830
pp03 -905380.3348 -5967106.1332 2069087.7165
pp04 -906117.4874 -5966628.1250 2069607.2628
popn -906256.2584 -5966115.4670 2070592.0320
pop1 -905250.4808 -5965861.3179 2071670.9264
pp01 -905126.0047 -5965780.9352 2071750.8639
tnmo -1170383.7773 -5895830.4051 2131778.4551
zihp -1208752.1318 -5959892.7330 1916967.6810
ucoe -1217111.9232 -5880093.4217 2148920.4856
tnif -1248900.3328 -5928707.5852 1987031.0506
tncn -1254644.5721 -5917456.0773 2016689.1658
tncc -1376758.5356 -5882328.8616 2041818.0019
tnmr -1398329.8276 -5894422.8150 1988749.6261
faro -1414649.8576 -5888501.5949 1994633.8320
teco -1445442.0574 -5857847.0121 2061802.1460
pena -1466707.8458 -5838572.5405 2104671.4328
tnmt -1482619.2410 -5827543.8482 2125192.8069
crip -1493158.0584 -5843912.9128 2066623.0796
tnmz -1499338.0139 -5838883.6383 2076277.3116
puri -1518389.9927 -5813753.6167 2132958.0572
tntm -1537813.3187 -5824539.5275 2088365.4795
tncm -1561260.6804 -5808522.1053 2115435.7402
tnct -1581128.4408 -5796015.8555 2134490.1392
pzul -1602486.4304 -5775384.8777 2174414.6416
tnms -1526331.5816 -5778281.5126 2223662.8417
tnam -1442473.5393 -5799750.1698 2223753.2693
ugeo -1378705.7557 -5809202.0617 2240253.5578
ineg -1260435.6930 -5788547.1133 2360340.0152
uagu -1262988.9037 -5785328.4711 2366737.5100
tntb -1878780.4785 -5440107.2723 2739785.9413
sa61 -1890480.5577 -5359569.2382 2885564.2180
tncu -1622054.1568 -5374519.6201 3021503.6563
yesx -1821343.0868 -5313763.7466 3014176.3768
usmx -1865330.5414 -5215100.1103 3153548.1269
rayn -1944548.8457 -5190793.7634 3145770.7798
nam4 -1922308.7223 -5241763.8283 3074441.5237
sa27 -1995672.3302 -5209403.4393 3081943.3458
tnhm -1996497.5670 -5209121.8321 3081865.1796
iagx -2196285.7007 -5131272.6442 3076549.5252
tnba -2230967.6859 -5119317.9295 3071163.8178
tsfx -2297739.4295 -4970339.9264 3259608.5647
sa50 -2174983.1204 -5002953.5224 3293527.6854
sa33 -2177625.3147 -5001535.8422 3293888.8836
tnpp -2185767.1723 -4995502.5824 3297738.3888
plcx -2405943.3504 -4898567.3147 3290210.4292
pstx -2377135.5619 -4909589.8940 3296071.2043
palx -2390673.7222 -4887788.7428 3319683.1199
plpx -2311536.4245 -4923127.8678 3322085.4018
pltx -2329625.1358 -4899359.7211 3343268.1169
cic1 -2433177.1550 -4845044.8120 3348295.8860
yumx -2304421.7467 -4897322.3124 3363019.1128
corx -2467591.6788 -4791498.1779 3399444.7695
ptex -2410066.1189 -4829361.0513 3387696.5677
daex -2318384.4417 -4878283.1496 3381730.8726
pjzx -2353219.8974 -4849769.4960 3400273.4898
pb2y -2348198.4915 -4838155.9342 3418115.8545
pb1y -2330555.8220 -4844172.2777 3421149.1705
phjx -2322647.0498 -4858516.6248 3406449.6071
ptax -2317900.0653 -4869068.9262 3396469.3734
nayx -2305169.1437 -4877611.4150 3390860.6096
nvlx -2293839.2843 -4878413.2040 3397410.5845
quex -2287364.9243 -4871216.2813 3411915.3246
guax -2648836.5146 -4921544.4350 3062675.4921
ucoc -937396.6103 -5964207.3551 2054353.9416
ucom -1499328.4452 -5838864.1421 2076330.3927
nvdo -1416270.7115 -5846799.6506 2123787.8613
cefa -1121156.0103 -5871361.5599 2222584.7239
pzul -1602486.4304 -5775384.8777 2174414.6416
oxte -716616.5228 -6096081.3667 1728209.3720
ufxn -933930.8735 -5953325.6321 2089353.3848
tncs -1380926.9796 -5806810.8506 2245100.4180
moit -1172382.6409 -5893823.7157 2135954.0665
spig -2352704.6176 -4940085.5692 3271689.7995
tnlc -1510928.8118 -5821694.4029 2116331.2003
cecm -1120702.8767 -5871067.1173 2223556.7426
mrra -946060.1740 -5942100.0982 2115482.3137
mxas -960630.1780 -5949497.4709 2089300.5832
uigf -960481.4675 -5945971.6964 2098291.8523
pin1 -2369510.3200 -4761207.2300 3511396.1200
tnts -1874444.0712 -5323708.8800 2961655.6527
tnza -1276627.5705 -5859889.3468 2168120.5685
lpig -2021923.8257 -5463250.6943 2588505.1506
unle -1205063.4476 -5833797.0602 2276650.7126
cols -1417204.4677 -5848026.7524 2115584.4279
uira -1175154.6612 -5855536.6714 2236181.1014
tnsl -1125198.6776 -5802609.2162 2393609.9639
ujur -1082611.1175 -5871570.1184 2241478.3004
coob -1423169.9354 -5849414.4033 2103628.9345
ujal -965799.4116 -5945767.4378 2096892.2794
utic -961420.7644 -5946037.0020 2097779.4312
unto -1004307.2815 -5939316.2396 2097626.9361
unva -956565.9359 -5940731.1915 2114639.9734   
cega -1128428.9440 -5872086.9775 2217155.0965
utul -944310.1989 -5951172.5577 2090841.7079
utac -962021.0848 -5942861.5550 2106394.5757
tnpc -1466707.8525 -5838578.1733 2104674.8822
spmx -2352721.0035 -4940155.5014 3271599.7699
mxs1 -2312166.3600 -4853237.5000 3420719.2600
morr -2216030.3000 -4857464.6870 3479506.6850